Id,SalePrice
2658,153163.2202495113
2718,222601.82726614104
2414,185051.86475900846
1989,117372.90150588946
625,186218.2501053197
333,97111.9082411511
1327,109853.5572985948
858,147382.69216106186
95,196315.59871366344
1568,175046.73888647457
2482,177434.1480001266
1364,141344.32518764824
2584,171679.78966113637
818,272202.2520476171
2673,151312.71204143428
2089,120977.25567557359
1297,162895.2755559373
790,126357.45123986786
2616,197656.30017443286
720,170762.46129758752
222,129555.46418378071
557,134962.78060085012
1148,208614.19387719207
2766,150057.74139779637
534,201319.72746474383
1452,121308.18729819814
630,119311.65101574973
2648,117942.06525207272
125,154880.65007986675
1904,41575.549152707594
1670,114512.60009434438
756,111855.28431210516
717,231602.0067282718
1032,151239.52799726403
852,224673.64161977524
1731,182370.5495083774
2639,120170.66766257837
2071,92904.42956548952
1267,104797.38024642268
1851,208513.82242144697
567,162291.97992806634
2439,210145.98075128
1898,161469.85156561752
647,139667.87891363518
2256,219977.76632387663
979,97279.82416231069
1444,211045.24674498383
2485,122583.76847226598
157,113717.43073716981
88,125783.032485141
2003,115175.67329540549
186,200645.34480594125
1425,265020.2714269619
2695,120010.94332691029
738,109426.64793865984
395,151650.7195336466
1353,166261.28306296183
1878,148641.12986573222
390,181896.40827451815
1456,226612.34671706462
1103,298129.68826183217
1387,128821.41987938722
2070,144071.75477974585
1199,183290.33514458776
2479,175806.8821600182
501,302591.0838408823
2362,88214.07590802867
1718,198760.44193344974
2188,53912.445221465925
1483,154475.7817418466
2557,92737.03475122388
437,284268.1506374071
2224,204181.89688741363
1628,175714.9604965306
397,137047.57517786295
587,214646.22921773393
971,155396.13878581545
2611,154860.9676757616
1887,93898.16882207175
2399,302205.223699461
2148,218567.51281698712
304,122869.26157879399
1997,122887.8797970358
2817,111256.22862282819
1431,178374.6827173886
427,318269.43152532435
263,130106.89746347684
598,187496.0884775677
2895,255127.9969703118
687,168424.746648456
1822,123222.53828255276
2191,95360.00082172808
179,126052.79766357556
1009,203256.8322918722
2010,110050.41424941187
1991,142595.23972128145
1411,159572.57305673376
1721,244249.93417328282
1144,187813.14624068653
593,209232.61485765086
575,249610.31566238974
1249,200107.71664189125
1604,124340.92835110567
1064,366448.56002020265
1923,154673.42788140738
1988,90061.40262732684
2325,169050.5588060393
114,203354.0879277817
2700,224344.7550141448
217,164640.14460170973
343,200987.08077704784
386,229016.83423280303
2005,107738.03127313206
2908,133139.371688572
1814,214918.45624544277
2446,399858.9636366031
208,147386.54095757304
1679,141579.6468595489
822,292759.00341779884
6,183341.91808486884
1781,339723.6304514001
2397,270757.3557962406
2340,270608.5722535634
1618,169558.60036202805
2843,148409.1848506412
1061,305940.85697711934
2786,116984.02636927
1935,119037.97024477954
1341,96872.6914851942
521,274992.4981763643
2136,143968.35051660595
996,185256.2631492801
227,142512.04936959088
135,152001.295015323
1167,178261.09469575612
294,207434.300427546
1776,212631.6093742064
540,192495.24982035288
1717,198760.75748295
2303,115904.07393316616
116,181308.87935884533
127,120854.10762884008
1371,117581.63995809152
1014,185242.89484967518
1507,91365.08198785767
702,173999.02414871132
750,164312.96777660697
261,147932.65840883853
1559,64016.81875766654
577,228767.13511179388
2812,203897.41252729634
2080,155541.16605044616
1368,120664.95564724873
2376,118141.69262104682
659,88160.98491618206
1235,130929.18128951424
332,82653.32340278776
1917,128659.51425340104
2094,233632.2012161956
1460,262441.0629177603
1471,208584.53735771036
1509,112352.33007241916
1922,123630.2083167668
433,375825.7609524278
460,258506.1968028258
1116,264970.2702367612
1137,178763.5801985435
53,191470.87151174224
2354,229041.61878215813
1475,215134.13302955433
1761,413322.0213722285
842,148406.40008854526
2739,186298.45556338457
2509,169267.26649550142
1007,201539.61309090327
2610,174132.69758873543
1952,77891.07262812415
2719,224062.88980192403
2921,98478.99262986102
1966,141911.12314577305
292,121588.21140780223
1204,209682.81145391281
1829,226505.51326177426
2419,189868.6965647734
391,180148.14628358537
798,120004.23256696663
481,188800.7220840356
193,178143.26030792517
555,131563.42745845456
899,79319.42894277503
2357,189037.36552734367
328,121375.23710823715
1356,110974.25489093411
1154,112345.00033967657
1730,175804.5306156914
2249,147833.02821209058
1119,252835.91713917104
2856,127774.75407730768
1394,132661.79093420663
2587,138756.63777460682
61,292055.97357915854
2661,189240.94179313883
2711,131913.35310770414
1147,185122.51374922745
757,118701.4272259375
2623,93858.45338328669
2378,164801.56670268162
1413,137449.15596972947
1722,228163.38958116432
1112,213904.99083440937
1623,187642.04379899387
1201,192267.2887749227
1513,98136.46393440472
957,246281.14746049076
1171,253059.52952420845
1145,196284.32598981235
2726,232045.46371134033
703,142054.81331457722
760,76796.71279772083
1964,125401.00849165855
2512,189097.91168333837
159,160997.98157204734
1281,184961.0305910246
468,171435.65743580498
290,123069.72051326068
665,113514.54662810231
1463,255506.9400408222
1792,224840.98925749824
923,141830.8547150226
500,277766.6671024589
1408,143263.9858116124
331,68579.63182891315
170,130278.83640131484
2192,90084.48367437797
2571,255014.61402216082
2314,166296.2441768365
2647,92899.94988182909
422,339603.5043540773
2457,305157.4443181562
1838,206703.80329457647
2805,238779.1212812947
1645,179042.84163044524
1711,274808.5083513338
2825,235993.72966926024
322,304320.4167572283
2103,271866.01445400686
342,130846.95884118092
600,114159.53898910769
488,193461.21953522236
1725,287888.2024474313
2246,252523.70783286734
2847,148720.65972747316
806,232291.5758016143
530,220275.09518117562
963,193384.0473179761
2678,76458.349855508
171,76175.46798473477
2401,342916.31049283553
805,211135.43630204885
2259,239259.40928076324
1748,176205.09186987855
1361,143125.51572132425
1677,144293.4543499369
1406,157184.45573924354
2322,213929.23123780772
688,185805.67705057334
143,142969.60974792295
804,199886.32569487637
1214,181978.71851945017
2828,164821.94176987748
1999,182679.48559469575
2467,196757.1895073432
2665,178832.35839130275
1538,312865.225954168
398,122322.2138117385
2822,140899.18787624163
2157,154869.2504099465
1856,175385.5506152366
1269,111317.17647656013
2570,124566.78504045776
2320,237067.49828591154
1517,132685.84133855937
2304,115452.80943957334
1312,87076.46586078545
2012,148637.64204553753
506,205020.78430208898
2865,184144.26877473507
2367,129765.65720190934
554,117108.26777561053
238,140420.48780306088
1954,114416.23885093845
2488,169203.64431016188
2291,100855.03897015976
1969,99811.61546073448
2725,170679.82393469068
1482,154476.0972913468
2763,211207.549605948
503,229765.88172392017
1584,233000.90641780052
1531,158727.29042547772
2210,187854.32809841543
459,288508.0158494887
556,146321.5007451305
1347,165853.07032295357
1290,87849.60651079232
1388,109234.34788755461
1571,188682.00988908473
2754,209654.17387367913
765,137536.255882514
2494,126454.54331493413
2870,187842.86607732828
7,221139.0309861788
1114,240933.45700464112
2418,264388.82959559676
291,135011.3933632552
18,302650.93228911463
39,304197.32303950214
1001,243234.36567543185
2442,231248.82758552572
616,123175.26789109988
2680,58979.47068891951
1414,122290.78680088319
289,131282.86023964288
40,262969.0647940415
860,137848.6326162004
409,149782.06561287973
673,151808.02164351742
2427,191897.49947337975
2036,179355.90457980178
2564,136486.07909753727
642,218326.19686831374
1008,183933.07396115139
1908,175572.41750752524
2519,199624.97654564359
1369,105419.2557321003
2855,154924.67605430094
712,92732.46343716541
1943,96056.17770414677
1958,139979.5543854845
107,163032.07546000587
2295,187241.5333961351
704,103700.47852562826
676,123732.068828606
259,185050.93537587186
93,265519.1611783576
106,224558.68395718318
2315,183610.25427136623
1050,116505.25639567625
1095,188928.2880002426
2709,152640.50524773216
758,159589.82682024277
1496,154623.71494202336
2370,143969.3613234308
2458,259278.73113981605
2733,137633.27093170135
161,257716.4505014317
726,154613.0335871784
845,216314.47402925603
947,243508.32280709795
2232,113535.69474289787
2563,140006.21408333257
2299,160079.40343579237
211,95731.6798698418
605,214093.38254207218
1478,214815.33697714406
2247,254038.74808954878
2274,205303.966095464
2869,203694.9239913455
967,217952.30826676486
2656,103852.58841000246
667,253665.7634117338
1042,132415.9423926509
2023,161761.95046918775
2447,333232.6302328448
2055,133076.56264503353
2275,269621.4085562902
2204,142583.32940142322
1563,244709.89561529196
483,214597.0189246105
796,138568.0111303473
1526,143601.21246379474
2042,168436.46398435195
442,295382.1835792735
1693,276557.9014018835
1468,207065.54822920397
1430,187577.93490404577
2605,188397.91273348616
1529,155046.7742385243
335,142618.07240734575
1287,132370.14129512568
31,129106.05773833966
1785,260236.65064079827
82,170618.03979464064
2620,128355.62437660804
252,213924.32864202626
721,64334.69889711577
2165,191865.14626465115
2316,174848.36115304416
775,135530.15929137875
1558,128591.63986459214
17,207603.96829620667
1022,235538.59640275573
925,105867.2892029541
438,275637.70218184835
1270,155921.84389336492
1272,125924.30246390909
215,131513.08114259076
266,216773.4235959635
2402,245712.59078284953
1250,141955.462104382
1984,144777.13623556815
1279,147885.0080854154
377,246532.82229592034
1252,142112.73599867037
2156,252803.83636729547
499,296534.42197407177
1374,117292.84782047893
2898,245441.26382210013
401,119277.85770162469
2721,183755.80257240642
2078,236514.72168847045
2589,125504.14510449869
1946,237010.46045362327
1334,106863.2174737848
2781,241732.61069378947
431,330121.1776059831
576,198702.32695452933
1474,208480.3972155312
2254,149882.0695605678
2155,276252.37888337346
885,110474.92746482727
643,140380.26368849582
1944,127744.39504641898
480,194586.8852332927
2845,88053.01935797265
2387,279843.6201520846
2407,211739.0657059751
2527,175944.86459585518
2514,162817.484244837
629,187997.6187705048
80,201613.1495876215
1876,146700.82076893072
1546,117117.10599151324
2518,173744.3728798485
2347,168051.48183818863
783,163765.58085258375
1322,64780.53659744523
194,70921.28159394128
1770,275552.9826133275
2143,132724.60050940706
1229,197346.45263436623
511,273434.3286560817
46,213111.3836716304
1348,176949.04267607292
2465,194864.55733735225
387,223602.828096682
873,216519.04036685606
1918,125168.72462068257
2764,220562.8617321562
2184,120011.8452833889
934,144842.94806447404
1920,126828.84943069349
2631,155547.378521148
1768,440186.8741381732
2040,121226.95929060192
1749,208571.6523728567
834,212237.9765301591
1457,241023.9668803965
79,124379.94812729767
2302,116781.76588495151
1817,135140.36756561368
2755,253227.52982827788
359,167732.78217923283
2059,118644.17546989986
2092,236345.68303983277
2516,238533.96179978602
150,117477.4004029349
1656,158729.57426113106
83,104488.21962516142
2411,189539.7827438265
795,76891.02127161226
2312,234135.01640796234
2917,81844.57159818709
1624,182223.44160830384
2215,257183.00873139207
1211,150111.28630364774
1485,156367.77180172276
1024,187029.41021028114
570,195944.03965798733
2874,142701.9301214182
700,172262.17953093594
2756,223975.70193682399
2022,176056.2641898108
583,216007.98684789447
2392,289075.90805302304
2424,209557.21439163364
212,119767.10551314635
736,116442.54295120058
1610,178706.36769879126
890,127411.0370701984
467,173578.36053814337
578,234200.57008515904
1747,181720.60038466784
1149,177920.5855465575
2758,233091.67371242214
857,124039.9952861424
2219,232656.59313059933
733,107759.2129410578
2909,117683.56568021902
1798,257076.73372668185
235,114805.24374918544
2366,149139.69352104736
1027,139289.39003193125
1195,135102.49668540352
1303,29016.54051636011
148,192906.51978485033
608,163048.20563157697
2515,182073.5659219767
821,270344.4480974394
2500,259694.46473790432
745,104226.07715346568
741,153357.7584606128
1611,121969.51706577465
2532,127792.52403293473
1081,228842.30659529677
1692,341267.5960415455
2520,184923.81884030256
276,127878.7218783065
1992,112876.07797664887
663,28179.68126259683
418,144914.05979972647
1733,184160.2008800893
2359,166932.47679704792
253,205810.70522108115
1518,149535.96042154764
2035,144783.9015610598
2919,82912.32525917809
1540,207758.68672898863
2120,159817.88671956793
1674,191292.10977987305
256,156577.39170127196
2361,102794.48248147717
978,81861.2574523103
2280,158096.1281245237
2095,220086.92062282655
1709,283348.7085115648
2801,225765.70395141793
1246,104370.88021410396
2373,127131.09088576089
1055,267790.7712275537
2017,119581.15097268163
1099,278024.8137113633
1344,77683.74765570139
835,181760.4674745026
1117,223476.1234416825
2043,85659.2572930707
2085,138158.88310905927
410,165819.15186860957
2650,133275.7586742313
2867,157173.76872329734
1668,124242.5160422766
1161,178423.07179233053
2122,180033.5666333506
2539,148844.68516177405
1047,157338.78589311495
1445,124249.26307836303
541,130621.40379325187
569,232763.7815707525
1276,133634.78084803035
918,120897.60317635469
326,184782.03611379905
1936,113263.72379793038
895,98927.53294559798
257,146210.75333342972
1241,188447.90410349413
1545,110726.49427003741
1189,176420.9486353748
270,154567.4379491636
2066,202032.7105930135
693,109343.81713311118
1259,187890.68172337307
2916,157333.04260100072
2321,276988.24368736637
1977,102235.43189941591
1895,167520.27894389437
1240,165490.33337461008
85,152606.99939094612
1823,129896.22567120296
825,269695.8061393812
110,219799.9518489192
697,111197.3662743954
2297,96928.87921461649
1231,148894.9809539098
1355,129261.75109657802
968,303899.7084769572
584,214320.13794747516
1315,103564.8293055507
1606,138902.1562594925
206,121911.13574106187
1685,294728.37317872496
2016,121841.45548392771
869,210293.86088321617
2135,130216.2695373664
2346,172613.10149709415
2430,229241.8106023657
2198,88045.91989384707
2652,135354.53571215062
27,115308.35186224827
241,184452.94845912667
906,117420.11789589433
1506,88043.49003026146
2098,315094.29195619794
1435,214096.34043880494
2213,120641.86626622136
1274,154879.79093931813
743,34409.443861627864
1737,205473.82789026614
2797,258106.3778621712
2185,85680.316091518
58,174820.91320555116
830,206231.53642615728
808,150379.93550991875
680,155146.74951470134
1153,117747.32153896021
1291,122748.30666269516
1818,193293.62929256517
2161,191502.02368960768
1883,143492.76808235157
350,305630.8632635288
2473,145886.22797989997
295,190025.09260379084
293,190499.7069996433
859,117802.62546610972
288,65016.90608708614
1578,149320.3335545027
102,200704.5584689661
2831,190148.0365682619
1030,190087.77962394647
2551,143771.5642632141
1286,142407.138950713
958,276688.36857037584
776,134648.62421569333
72,203739.0763527244
2263,255629.97202108853
1866,156399.2007300715
2876,64674.15111155405
2146,254914.3252938777
103,180283.2770173537
1500,164317.38283274497
492,184403.6191522878
167,147479.72666137607
2597,106922.10805202657
2685,107422.03274318602
1035,155872.25864182925
1220,53189.417993999916
2602,150356.69080955882
2159,206973.98204446724
695,161707.8253740667
1109,235459.04341159583
640,204528.34607979917
1652,167813.5377443659
2090,193255.2294739153
1188,210269.01808831902
2345,223436.36625530507
1059,330728.39338844095
2751,242707.08842750313
128,213487.12723838788
1523,169745.5571288694
2925,156074.94200945002
2145,296776.3224060525
1121,226939.7713915483
566,280285.14364714274
565,207390.9048180865
1331,140846.96650636417
2928,115575.60896249404
156,147050.25051520235
797,141827.24611103535
327,98862.07800249312
2859,137547.60622263918
1453,111123.77786463969
1762,311622.56036221684
1868,206022.53487382038
1760,186025.98094919763
1113,257726.45438422484
1812,187802.04291940815
117,166980.98280787255
1142,218836.01837491326
2342,308761.1003897897
927,131154.10220075317
2478,198326.09989656953
655,78901.85566136343
2064,119841.5791644394
369,220965.6567609172
2239,120473.93706962436
2732,206174.10059905576
1653,174975.3021975251
959,205118.22816352808
2395,287306.21414701326
1412,101725.21374892461
271,250775.84971971976
1484,156004.0159233784
1497,148492.37609801337
552,171568.10071986233
2,126805.81191489851
1855,284499.7902776032
4,251062.63327893591
2292,159931.2145020278
134,144647.54368658693
646,127541.24009595707
42,291421.0435695432
532,224801.27667242463
713,93109.79085178426
2561,136684.3379381774
2360,134597.31181528873
1333,109751.6689557578
1407,176819.5156361437
2892,250953.7234567432
574,229446.70257829386
1227,174013.00500547036
2591,224484.7386339618
1476,223211.86605625684
1125,258940.15982464113
1446,136087.21464814973
408,129289.74214317507
1101,269326.1221720092
2251,199416.21756428457
373,206680.436617604
2554,116702.98012081317
2382,265679.9653576003
1985,78108.60094890077
519,223812.75846922197
1093,200500.67767821832
864,246891.26192121734
2889,156411.4980014733
2308,219561.64519658836
986,151452.07978753798
1302,160636.39863119228
585,156176.00472925155
2708,142096.12351987828
147,140118.0480770866
1441,221005.39034864758
383,173024.17911970592
285,160554.23402546605
181,122086.19750163543
358,165483.00816134334
780,188324.5480611502
258,199715.36660923614
1865,227344.30335347325
692,117613.43415259119
2902,293512.11265074136
508,276783.6241249334
2638,154564.51196361386
36,165375.75588236164
611,185461.14955745637
2281,130082.84897583298
1678,143766.05268628764
1696,359415.11948730936
1557,64765.86246829093
2180,157886.6336510832
1726,226713.52275268146
951,137957.52759136786
267,224206.25652134424
2706,146843.97047616518
2221,203871.42864867212
1357,173144.30013095928
2901,282968.78071358055
347,184103.65118243356
2164,197148.52587041262
1586,281684.63933260064
360,176342.55790903154
1769,218827.29796619172
2617,166015.83906886494
1879,194339.95664871333
991,219579.51196908322
1535,119831.59045083972
1191,186184.5343643675
1579,208698.81961699392
1882,132490.22585828113
1510,130817.02946871167
2196,173473.9846363191
1845,183123.1978627806
2336,316709.9387273127
942,91984.70049839199
861,112802.95362122593
2555,100676.81604153202
1392,150370.40411631667
2099,271867.2766520079
1543,136697.6451404478
948,243695.45489319245
1239,157963.87281100196
22,181585.4019775516
2796,256061.66544523684
2747,180504.3488632532
92,276442.9612219947
210,173674.65349587283
1858,200530.03513679735
2228,187299.80416929192
447,233747.93795600542
827,239335.83490542317
1649,217114.34453538433
682,140227.66153915174
2698,123050.58998748043
494,174986.7106840268
214,105822.41754563624
2441,242349.16347062003
2679,108673.43568055089
1336,110838.79453663755
465,185621.6019758337
1524,132966.90620755512
2543,128560.35812440119
631,136181.7984117404
2452,286167.861536153
228,162892.57794109592
126,173708.29635507002
1092,213875.9402008299
1122,211797.9281528585
932,213772.12119471494
1980,82601.67531237399
2171,114189.52882583019
551,163592.23553220413
2768,182426.59134596732
2056,119294.85442906951
1159,322087.89331722504
2645,150159.65299128438
1174,183386.43663553378
2266,208117.29964707664
2462,328963.11468263937
1219,130730.80247251787
2922,215181.827301498
118,159033.6495754243
474,188732.62757935387
2576,171067.57248287462
872,261652.2531663269
1077,228506.29280521465
1536,141693.7919013212
1150,124487.56423272018
2341,279008.231359196
1931,128060.28648778514
2785,123946.51721635566
2538,128848.663158842
597,219878.86321308627
464,194591.29295899172
233,201171.92772022617
2169,125753.90876211031
2123,161072.04217089963
1867,180641.66184835476
137,261408.87337709777
515,214526.21960760528
933,136151.30324398875
2784,188860.67804043827
972,184941.13433703894
599,177950.8541365656
2614,129063.25189824046
2582,140487.87611604156
1409,165583.71527487264
175,94684.11189859844
352,225271.47024408908
976,81861.88855131081
2134,202699.4812859393
984,103302.50335998047
2396,293137.22714643995
1673,153085.5362106921
404,150097.78369361456
607,167947.77410204065
814,168383.48879421456
868,202720.94338350912
2271,210098.8469774151
1633,219887.20496657197
337,211444.26254799406
2765,196042.72181990766
1746,233015.2443099121
368,304400.3146327419
2806,213356.97895109162
1662,190510.28370191916
1234,203111.0501524645
1373,135966.58515978337
1672,117105.04197674502
1939,116971.33421262307
