Id,SalePrice
2658,153863.68078275776
2718,211426.80038388725
2414,185013.26362974022
1989,112282.59287555832
625,188438.38104085266
333,96435.0403813855
1327,107482.3622250551
858,152331.13306952408
95,215681.83286227798
1568,168101.04071603986
2482,173890.53466697305
1364,135709.65291029663
2584,179785.32323192953
818,272967.5039851203
2673,155695.3610461378
2089,116886.12855041708
1297,153681.5896153696
790,127435.51568173768
2616,199580.86379123907
720,178871.67143357804
222,126235.86751675888
557,127576.91841335376
1148,213084.47644821362
2766,154498.01349525992
534,206092.7959667163
1452,116902.24651709036
630,113958.82640797354
2648,116611.71343672975
125,150567.50415726574
1904,31687.62730314865
1670,112098.67537005576
756,106706.15081913659
717,247889.1724736181
1032,151621.8887975611
852,224778.38677680117
1731,184995.96331708034
2639,114998.59634770188
2071,84051.77491415554
1267,98324.78282947313
1851,211601.07080904712
567,163628.58624524454
2439,206481.61221028754
1898,155845.15915048355
647,141409.90098241658
2256,222644.1660953728
979,99444.82560505654
1444,219758.6865528259
2485,116418.48480757285
157,115704.98748559452
88,126011.37537317851
2003,113991.40113664125
186,199620.949686287
1425,264940.52741003234
2695,123514.12366568187
738,104104.546244722
395,152248.36698529078
1353,170305.4769101299
1878,150406.51822288032
390,180795.56032888754
1456,231728.01758567762
1103,310959.42577668664
1387,124268.77387272671
2070,140532.21670717513
1199,195112.9858085857
2479,174344.84386610115
501,307014.3182299598
2362,83960.10379650805
1718,204481.4009067743
2188,36142.76263928041
1483,158483.21303472377
2557,77402.90223166405
437,294024.0802167842
2224,208746.4103054705
1628,173130.1294145218
397,132191.52892462362
587,218584.25885587846
971,148523.49105708857
2611,156988.77444009174
1887,89913.14083432642
2399,304540.04409169185
2148,218785.54800598387
304,126729.72944409042
1997,121095.96868497386
2817,98890.42352509199
1431,175642.27600781046
427,322704.47367959097
263,123795.82919347976
598,180929.35636883465
2895,258996.94338485633
687,171664.23826653644
1822,118854.89314581404
2191,92180.98373369932
179,130929.49612072973
1009,206549.54165674403
2010,103802.16295239903
1991,144853.04152256093
1411,165732.309149067
1721,250030.33238082327
1144,188230.49128011227
593,219966.2306965407
575,258741.43493119258
1249,199624.1751907316
1604,122499.16727579676
1064,394870.30180077243
1923,159060.4234888754
1988,90420.71285461649
2325,168372.60283436326
114,198312.014707354
2700,223462.46785617992
217,157874.97681895288
343,189678.5203578283
386,240090.89994989734
2005,96474.40094232233
2908,137740.7867569861
1814,220505.86431181393
2446,421576.9782456057
208,132198.2524391442
1679,131024.1394627164
822,292402.48137666617
6,180964.76739669355
1781,353168.91703589325
2397,270628.74568130355
2340,278010.9871556449
1618,168683.9750301367
2843,145928.77593050193
1061,316986.38583397184
2786,114224.49864293289
1935,114831.9314080539
1341,98537.46811500574
521,276997.2633785731
2136,127312.16561257074
996,184020.33375982984
227,142190.50464918333
135,155616.68588841447
1167,177450.19192544484
294,224713.02319988175
1776,215973.37367206227
540,195027.2500534646
1717,204481.51063139364
2303,116017.78703867644
116,189393.73260620137
127,121589.90020816209
1371,123692.45802905312
1014,187510.70386035147
1507,80985.90035983258
702,161098.2323227793
750,160044.72953151492
261,155589.33434738615
1559,58268.876488715876
577,239992.81950286962
2812,208944.41939593677
2080,169440.60569163418
1368,117137.56125895312
2376,112007.91894662598
659,82909.89055045549
1235,127159.36838216652
332,83735.93741956957
1917,134553.15962354842
2094,241422.23928637465
1460,280087.41062703275
1471,200809.6902491897
1509,113070.73992868597
1922,120462.0257895175
433,397176.9503413392
460,261861.48498381115
1116,264702.7947993502
1137,177925.43612091197
53,185367.3415164223
2354,243573.78097369568
1475,215230.0901968943
1761,464877.6776444696
842,144639.85264847556
2739,181751.50032558202
2509,175372.89146898763
1007,208616.49307063318
2610,183248.9223478881
1952,74729.78925234544
2719,211669.49080166602
2921,94419.94052467639
1966,142768.04146495363
292,126839.38473733005
1204,207971.4275159342
1829,231222.09017124027
2419,185659.93188408017
391,168906.53752189106
798,125425.62963197508
481,183757.21989464664
193,196101.83271413652
555,126977.58166411886
899,70117.94643476543
2357,188512.99695322645
328,119654.89412889993
1356,106517.50122457874
1154,109127.93553451974
1730,167522.08626798136
2249,146610.48249186034
1119,255201.7788789078
2856,125463.12623209401
1394,141482.89013357155
2587,130793.94862929752
61,311999.6110222286
2661,193184.18170737912
2711,138016.00857303815
1147,184872.6160216174
757,123846.01747016593
2623,90422.07008917021
2378,163610.4700758524
1413,138041.6593806594
1722,229209.75051507197
1112,208411.5595679058
1623,188121.53487317744
1201,190193.71043362006
1513,96729.3429643427
957,250860.57450698747
1171,264460.3581201028
1145,201148.04335710258
2726,248324.46437057926
703,153945.9051061593
760,67888.27674059647
1964,122020.66688041727
2512,190081.5710943837
159,175313.06041554298
1281,188005.08962393305
468,172778.33092274095
290,123737.79643381936
665,105320.3467658107
1463,268788.40323761036
1792,232038.7837027069
923,146979.85366473172
500,285018.6088423322
1408,152688.41329575784
331,66812.67965252778
170,121488.98620251488
2192,85337.62201608196
2571,290290.61766962195
2314,166530.64718708207
2647,89131.07354303815
422,343205.99744207726
2457,322027.65046519705
1838,209354.8968016794
2805,247721.57998048412
1645,176621.34561772732
1711,279327.7697183443
2825,245921.00177178846
322,304906.2756293985
2103,271363.0148816059
342,131822.01770691064
600,102431.89783086436
488,195505.59598765758
1725,301371.8722443114
2246,260199.806550661
2847,160806.51330090067
806,242306.0652450628
530,229522.7901547105
963,189736.79377009344
2678,69587.35501043485
171,63649.842680676345
2401,353129.9076455635
805,214585.33096400922
2259,235990.2704474894
1748,168455.05896500222
1361,151364.8090495806
1677,143082.16087736728
1406,157506.3388231726
2322,217532.37882731098
688,188873.79671032165
143,148731.258512188
804,203345.38693442647
1214,183195.3047962944
2828,165904.25114305588
1999,188226.87465139784
2467,202680.1804046519
2665,181901.5327398171
1538,319298.82616820827
398,110204.69839363424
2822,144686.4871839213
2157,158814.3955397706
1856,181453.65121906847
1269,99435.74338591994
2570,126725.5929699549
2320,240633.7589040018
1517,129797.41674664768
2304,118905.27172406601
1312,81423.26952390208
2012,144553.74857163086
506,211920.65315737086
2865,190039.01746464695
2367,130653.9671632715
554,110284.39982282309
238,139537.4673338471
1954,111340.91591963962
2488,154012.99130236352
2291,96707.97845078622
1969,88828.26678919846
2725,168798.12178838084
1482,158483.32275934308
2763,212982.02800426076
503,239170.16768737356
1584,231187.4110309687
1531,160480.25993878036
2210,186169.05719572018
459,302581.6067688207
556,136623.74478832132
1347,162698.78676298427
1290,83530.29071731679
1388,109937.1559203828
1571,185384.212804149
2754,207861.4922909372
765,129064.3788825635
2494,126900.68117442331
2870,189278.410305634
7,222911.3817480178
1114,236221.3569807367
2418,274390.6103972555
291,132450.65135788044
18,313810.18176584004
39,306726.49830461544
1001,260869.98811342154
2442,242041.34662108705
616,125646.7117986494
2680,61063.02640406812
1414,115283.11109595827
289,133590.17861794954
40,260287.38345785404
860,127682.39429657935
409,140251.88314143574
673,157231.78243232454
2427,186253.69855078807
2036,196331.1786134009
2564,144571.14062576217
642,206382.53323628454
1008,182670.42018475547
1908,160254.25063412078
2519,216080.76200099985
1369,89102.0549416567
2855,164258.84715597832
712,83823.11615271303
1943,82438.8739650421
1958,142875.0501025794
107,173653.5783260422
2295,194005.00331262042
704,106202.08240386007
676,124972.44132461818
259,184147.71357415526
93,279092.03526337794
106,235196.44566456994
2315,186089.33165688784
1050,113225.20529214249
1095,184104.45366668445
2709,144630.05383616374
758,155308.05396114715
1496,161095.87997273254
2370,142935.66312514665
2458,256481.19960574602
2733,133916.9598128365
161,268628.2144852578
726,148682.75489982503
845,216870.8739743773
947,255807.7160836293
2232,105489.46014751677
2563,156351.37094293378
2299,163264.8698510738
211,96390.84592990414
605,197798.05006129702
1478,210652.5999702478
2247,261752.54972465144
2274,210057.7335034468
2869,193566.60057763837
967,220523.19891402527
2656,95954.27577980029
667,246197.06840947625
1042,132836.64526127253
2023,166753.02079339133
2447,351300.0220891662
2055,128266.93303755215
2275,273055.72584910283
2204,150433.50635252777
1563,255230.83263343194
483,211111.5350387713
796,129104.90101242354
1526,137965.0477363225
2042,175231.87799158544
442,301329.7806444316
1693,282831.01382541674
1468,211751.0770368686
1430,187580.55725140416
2605,179838.17180872467
1529,160329.59417926698
335,140344.16707491467
1287,132287.01843276003
31,121443.97545511715
1785,254463.13175173607
82,165983.6002998769
2620,133796.62785046845
252,207135.05388195472
721,52361.97661495548
2165,186636.36380447834
2316,167251.96751121138
775,129634.08755529937
1558,105513.74140310964
17,210670.49928776195
1022,241172.97715267615
925,105219.0081688697
438,276701.932056783
1270,148880.51118743076
1272,122184.64541789852
215,126689.84057822557
266,221730.728187119
2402,252131.3252336566
1250,139213.39729317304
1984,124028.24856742455
1279,153853.81912844125
377,260175.2510825592
1252,138070.43317509507
2156,260941.5923537317
499,308504.139704002
1374,107220.56934102089
2898,263851.44122880325
401,112259.38372600073
2721,175104.97378754566
2078,240305.4901827103
2589,122589.83260833475
1946,238975.24652873407
1334,110134.98183467722
2781,240822.831684146
431,336022.79011745733
576,214557.36023404734
1474,207319.4478873827
2254,158697.3546362165
2155,279884.5741019432
885,91077.23677568337
643,139941.22202124656
1944,123288.01382530137
480,195925.18966561442
2845,89562.67195967353
2387,280130.61138202617
2407,210101.61945288244
2527,167371.23135228828
2514,165495.39365922246
629,194576.63706706712
80,205821.5041328675
1876,140430.59892415587
1546,122635.949092197
2518,174928.23187105588
2347,169772.37527724082
783,173353.9459441492
1322,53291.00404128776
194,65306.998129281565
1770,282851.8929187348
2143,126809.73662997173
1229,206037.03897409118
511,273979.5531561266
46,210422.06270525366
1348,177609.79354181312
2465,200319.8403617847
387,233408.33823985947
873,210632.74901380378
1918,119969.14152107087
2764,229216.99807198803
2184,123167.55508150646
934,151630.17844943533
1920,123813.48865973626
2631,158801.8528916981
1768,477783.77021869156
2040,114577.01980589941
1749,214694.24122708492
834,218079.67263653834
1457,248852.1818531236
79,126190.75499195032
2302,112955.41737180144
1817,129859.86380123306
2755,249176.41455365228
359,163973.60813807856
2059,115499.73739107259
2092,242973.28676883853
2516,245517.65687026054
150,121778.0694481594
1656,151597.25268139562
83,103796.05686803524
2411,183975.2263187626
795,68442.5813448282
2312,244326.3121427885
2917,84297.81009045233
1624,187108.19854764277
2215,282518.5288301278
1211,156251.44916588534
1485,156251.81872788354
1024,173504.9706442229
570,199744.4309597924
2874,143999.51504483787
700,161001.81895560946
2756,230333.80416335602
2022,184776.84083524637
583,225911.86932506115
2392,284246.4120776355
2424,209272.81453821703
212,120191.44668046638
736,120684.63467617924
1610,178442.71638775733
890,118338.71308426982
467,165120.9281875754
578,262765.3674599971
1747,179075.00911049222
1149,173849.17617226747
2758,234750.89427839627
857,116310.23976140746
2219,248780.97783589287
733,113071.03299594714
2909,125424.32298024159
1798,264265.47952703177
235,100737.7793480731
2366,145631.4000462164
1027,136114.99822698667
1195,129441.88437881155
1303,13505.833738988324
148,196760.70393207183
608,160608.06166770967
2515,192886.22873139937
821,265497.64300559054
2500,272384.60397820524
745,103109.60038838974
741,156886.74595717405
1611,122719.5628963153
2532,114823.55540087842
1081,225327.57254016172
1692,361817.1245551355
2520,197307.60838260598
276,119149.15217017662
1992,119437.78348116047
663,11636.884148005745
418,148230.92789988074
1733,186549.7178662656
2359,155364.42010810765
253,201314.29393786905
1518,155229.35043917526
2035,150068.19685188233
2919,84917.21976669504
1540,212750.24830867973
2120,154166.922204629
1674,190180.2254738599
256,152993.867262207
2361,96239.5675879699
978,78264.5482584359
2280,172997.4034182664
2095,226581.47286278947
1709,290509.0916325921
2801,234931.91939406813
1246,104596.4824588045
2373,129042.35777519998
1055,265786.0105482611
2017,118600.4924515768
1099,277084.1383794062
1344,69583.50420747984
835,187386.16624131383
1117,221577.00873765603
2043,80122.30889357197
2085,128747.65317195395
410,162479.75224840073
2650,126561.53323851008
2867,163109.39362810424
1668,122084.86721795012
1161,180899.9404280706
2122,172253.87933388306
2539,147205.36520550575
1047,154159.536851756
1445,122608.06142028645
541,133716.32050558098
569,233172.62822698694
1276,133765.6066181939
918,129154.96111095656
326,172397.12322812737
1936,111345.93118229078
895,92477.94873889492
257,146217.56261117492
1241,198377.23463861173
1545,111660.72919434687
1189,172118.292141346
270,158116.26668227668
2066,187851.21229862276
693,106301.87070416838
1259,177206.10144893863
2916,150975.52817628323
2321,278195.728281523
1977,105789.38306472104
1895,168349.22562506498
1240,167038.45217878575
85,146235.4944593996
1823,125816.53799385342
825,274773.74245750305
110,221295.13727560441
697,105859.20559744643
2297,94788.37119995816
1231,143447.8739734474
1355,128347.3652634903
968,303846.1813322101
584,225283.91651658597
1315,103338.17311803321
1606,136678.8018594773
206,114811.08507323674
1685,299905.7035076908
2016,127014.59648250489
869,222175.06160886347
2135,124991.73679401568
2346,173542.09350967026
2430,227679.59382899018
2198,82988.05477606463
2652,129949.66983252118
27,110041.34762820072
241,176470.94073112993
906,114665.94441356891
1506,88931.49997552231
2098,317938.1422703929
1435,216850.61153762933
2213,112300.10886535616
1274,150208.48021482961
743,21083.27717127328
1737,203760.52131158448
2797,268114.4969034312
2185,70194.41578162914
58,171766.9224098825
830,201977.72104416884
808,135126.78202690682
680,167195.2020429889
1153,115005.45363534227
1291,128921.36718580623
1818,177344.1170766134
2161,191081.45717019044
1883,135939.83351921666
350,323362.3531897963
2473,153609.5081809891
295,177218.48991357806
293,190511.81178625685
859,114746.37685168395
288,51881.864825694705
1578,138821.0648067391
102,194522.45010751748
2831,190259.66257001788
1030,189672.59807886495
2551,144015.98812774848
1286,123731.40777999783
958,284813.4283669302
776,131417.0955609111
72,201097.4310551629
2263,255140.1520210228
1866,154469.08410737303
2876,57376.743871898434
2146,271449.4795792631
103,181833.41801013186
1500,165127.17157560703
492,184054.6789368885
167,143681.52604868647
2597,107276.66302695283
2685,107888.8608857761
1035,153301.3760022613
1220,42293.74846872114
2602,142949.11508994544
2159,212455.75283904182
695,145748.89560819214
1109,252348.98915610483
640,203479.36868903643
1652,154428.69986507992
2090,196067.37557985156
1188,214025.98491761266
2345,229878.31903739012
1059,350738.7695053366
2751,247583.4059098321
128,217178.79622301392
1523,162752.91080229357
2925,150178.7315876228
2145,300048.34748758684
1121,229616.35140573405
566,302382.7416732429
565,210530.00081699656
1331,142565.3571656648
2928,115252.07783501764
156,137365.39797869787
797,145013.03676080308
327,94260.78390398422
2859,144038.84581744202
1453,110356.57718384551
1762,325739.8468567453
1868,201283.6154122044
1760,184995.19004881952
1113,257535.42885180056
1812,190937.66673174046
117,173920.43310817814
1142,214186.80123196007
2342,313514.6077448489
927,129235.14670667463
2478,202550.29694295226
655,71229.03206231301
2064,113993.2824060407
369,218839.05875926063
2239,119800.24430432396
2732,215731.23401516196
1653,165579.76864142777
959,213334.12417073693
2395,292895.2516966722
1412,105017.93902055998
271,249798.42865368526
1484,159504.7528801426
1497,144835.68294367346
552,170666.93429993792
2,125086.48175215631
1855,290233.6515309086
4,256851.14004430175
2292,161929.3779521063
134,139705.1512190529
646,119277.00878928817
42,291868.5563918939
532,227628.2634812453
713,76722.807616322
2561,131527.94802062958
2360,132568.55195601235
1333,110215.97400430065
1407,169134.73065467417
2892,263055.07218964497
574,233354.5484854341
1227,178012.85746435839
2591,237628.67338756527
1476,213408.01803650087
1125,258516.48968683812
1446,121001.08162701587
408,121636.09129471358
1101,274225.70859994664
2251,187812.94113389548
373,204378.7151883454
2554,117157.2479125695
2382,269157.53114554763
1985,70784.56047867998
519,224549.41815625507
1093,196010.32625382624
864,259523.89238323187
2889,160425.78265083142
2308,220011.03695433916
986,157360.40943984824
1302,165631.82385680528
585,162338.48560386928
2708,142908.2774082716
147,139005.27724516904
1441,221802.0251635126
383,164236.14242174343
285,161268.47233602582
181,118928.61201154764
358,164088.1167594085
780,189041.55721118007
258,199330.2020597841
1865,233853.07326428202
692,125760.22994089522
2902,301536.10834280844
508,277708.32166932325
2638,162824.06184079556
36,159704.46917283846
611,185808.4293866595
2281,124890.95032873767
1678,142729.7581975624
1696,375683.0874881961
1557,61819.755677801775
2180,152679.56753610168
1726,227001.74188390095
951,139720.52973145866
267,229160.19325619136
2706,142390.52386799597
2221,203214.84855889593
1357,171565.32873582773
2901,285235.56281102827
347,184595.807942065
2164,196791.98188001537
1586,284226.9392695235
360,167328.3033824818
1769,225339.3509792623
2617,168256.11876743913
1879,176583.0771048522
991,224904.58557146456
1535,123967.32177013773
1191,175203.34238892156
1579,211552.51865641167
1882,134885.36161350587
1510,121344.36294686826
2196,170518.37533196027
1845,186902.1816014335
2336,323651.93415572855
942,92506.84121776851
861,107749.28064885887
2555,102865.82023522719
1392,154011.122306683
2099,271363.45378008316
1543,139182.71035150357
948,269361.58155184845
1239,150082.31748703867
22,175245.75193532673
2796,256350.79789114467
2747,177677.60536497555
92,282709.21581906255
210,165277.75449401682
1858,217917.1794926896
2228,199393.14332191806
447,229429.93016369976
827,234035.83748394088
1649,212639.74463829515
682,142237.54836217506
2698,121990.05250744728
494,172047.43961924265
214,109790.85552495267
2441,244709.52505580272
2679,104697.32626286104
1336,106019.94571259482
465,180046.54363343533
1524,133549.49354866668
2543,122650.2886878876
631,133217.36335824698
2452,296306.9631745095
228,157194.05819693295
126,159309.66757974468
1092,210970.55233265963
1122,210847.6479027409
932,224217.30549133883
1980,68474.76486221464
2171,105716.90431522137
551,159953.89617848277
2768,178412.8315311392
2056,117180.45732882674
1159,339199.58795489394
2645,132232.16510507822
1174,186899.13770037488
2266,210506.55636869388
2462,331840.61048972444
1219,128738.30451749594
2922,210490.80249043804
118,154953.53348215108
474,186573.57204319822
2576,172895.82691835877
872,268125.2343165529
1077,228757.02540449734
1536,145994.3364497667
1150,123995.06006016291
2341,282435.5595269536
1931,125849.00770025316
2785,123381.33881684623
2538,125823.26344288091
597,224967.532820099
464,199981.26574990927
233,229099.77884769987
2169,127046.2607428722
2123,157205.01740682355
1867,181630.57851610327
137,270399.171332444
515,222127.886804213
933,138477.5029427152
2784,177369.99688782042
972,177877.48407366514
599,168466.58464855453
2614,131775.4391253023
2582,140783.7089608029
1409,156594.3134064463
175,80727.56223966509
352,233588.3073580193
976,78264.76770767452
2134,201464.40936540987
984,102818.32488456179
2396,300437.1673105282
1673,157779.37231706065
404,145156.82659921498
607,165498.98310337894
814,173169.43958507848
868,210460.6099536311
2271,202732.21381326942
1633,236155.9627214126
337,195059.36550296049
2765,182845.53541333816
1746,228531.35386143532
368,310155.9520315423
2806,209302.5483714762
1662,190479.81221006459
1234,197896.36657183286
1373,139668.09681140297
1672,107650.21742169661
1939,115387.58792558359
